image: map_2.pgm
resolution: 0.010000
origin: [-21.80000, -21.000000, 0.000000]
negate: 0
occupied_thresh: 0.65
free_thresh: 0.196

